
Объект: 
0 0 0 0 0 0 0 0 0 0 
0 0 0 0 1 1 1 1 0 0 
0 0 0 1 1 0 1 1 0 0 
0 0 1 1 0 0 1 1 0 0 
0 0 0 0 0 0 0 1 0 0 
0 0 0 0 0 1 1 1 0 0 
0 0 0 0 0 1 1 1 0 0 
0 0 0 0 0 1 0 1 0 0 
0 0 0 0 1 1 0 1 1 0 
0 0 0 0 1 1 0 0 1 0 
Класс к котрому он принадлежит:
1
Объект: 
0 0 0 0 0 0 0 0 0 0 
0 0 0 0 0 0 0 0 0 0 
0 0 0 1 1 1 0 0 0 0 
0 0 1 1 0 1 1 0 0 0 
0 0 1 1 0 0 1 0 0 0 
0 0 0 0 1 0 0 0 0 0 
0 0 0 1 1 0 0 0 0 0 
0 0 1 1 0 0 0 0 0 0 
0 0 1 0 1 0 0 1 0 0 
0 0 0 0 0 0 0 0 0 0 
Класс к котрому он принадлежит:
2
Объект: 
0 0 0 0 0 0 0 0 0 0 
0 0 0 0 0 0 0 0 0 0 
0 0 0 1 1 1 0 0 0 0 
0 0 1 1 0 1 1 0 0 0 
0 0 0 0 0 1 1 0 0 0 
0 0 0 0 1 0 0 0 0 0 
0 0 0 0 1 1 0 0 0 0 
0 0 0 0 0 0 1 0 0 0 
0 0 1 1 0 0 1 0 0 0 
0 0 0 1 0 1 0 0 0 0 
Класс к котрому он принадлежит:
3
Объект: 
0 0 0 0 0 0 0 0 0 0 
0 0 1 1 0 0 1 1 0 0 
0 0 1 0 0 0 1 1 0 0 
0 0 1 0 0 0 1 1 0 0 
0 0 1 1 1 1 1 1 0 0 
0 0 0 1 1 1 0 1 0 0 
0 0 0 0 0 0 1 0 0 0 
0 0 0 0 0 0 1 1 0 0 
0 0 0 0 0 0 1 1 0 0 
0 0 0 0 0 0 1 1 0 0 
Класс к котрому он принадлежит:
4